1st Project

11 11.40 33.20
0 100 0 0 0
1 107 0 0 0
2 30 0 0 1
3 0 30 102 1
4 0 32 85 1
5 0 55 90 1
6 0 36 66 0
7 0 37 92 0
8 0 16 96 0
9 0 34 75 0
10 0 35 58 0

2nd Project

11 12.70 33.80
0 150 0 0 0
1 65 0 0 0
2 0 35 87 1
3 0 30 65 1
4 0 10 117 0
5 0 33 46 1
6 0 36 76 1
7 0 37 77 0
8 0 38 88 0
9 0 34 55 1
10 0 35 94 0

3rd Project
  
11 10.40 35.50
0 200 0 0 0
1 0 45 80 1
2 0 13 85 0
3 0 30 75 1
4 0 54 91 0
5 0 33 95 1
6 0 36 87 0
7 0 37 95 0
8 0 38 79 0
9 0 34 81 1
10 0 35 97 0

4th Project

11 11.40 34.50
0 200 0 0 0
1 0 51 90 1
2 0 31 95 1
3 0 36 102 0
4 0 33 97 0
5 0 61 96 1
6 0 40 89 0
7 0 42 95 0
8 0 46 79 0
9 0 65 83 1
10 0 53 95 0